From https://web.archive.org/web/20041011130102/http://www.crossroadsoftheelements.com/experience_points.txt

Single-Class (Warrior or Mage)
Level Experience Points
 1                0
 2              121
 3              301
 4              587
 5            1,082
 6            1,866
 7            3,180
 8            5,251
 9            8,674
10           14,042
11           22,826
12           36,551
13           58,772
14           93,324
15          148,854
16          234,910
17          372,322
18          584,686
19          921,970
20        1,441,931
21        2,264,012
22        3,528,732
23        5,520,666
24        8,579,686
25       13,381,636
26       20,744,626
27       32,269,282
28       49,916,387
29       77,467,454
30      119,604,354

Multi-Class (Warrior-Mage)
Level Experience Points
 1/ 1       0
 2/ 2     242
 3/ 3     602
 4/ 4   1,174
 5/ 5   2,164
 6/ 6   3,732
 7/ 7   6,360
 8/ 8  10,502
 9/ 9  17,384
10/10  28,084
11/11  45,652
12/12  73,102
13/13 117,544
14/14 186,648
15/15 297,708
15/16 383,764
